0	0	0.999985
1	1	0.9999589
1	2566	0.9193171
2	2	0.9999907
2	21	0.9286996
2	43	0.9412678
2	191	-0.9336978
2	378	0.9185601
2	421	-0.92176
2	641	0.9019275
2	675	0.9206425
2	838	0.9409057
2	1723	-0.9178444
2	2175	0.9034187
2	2221	-0.9086649
2	2436	-0.9120957
2	2438	0.9229325
2	2671	0.9406704
2	2730	0.9517531
2	2921	0.9294341
2	3153	0.9291303
2	3663	0.9105401
2	3782	0.9123497
2	3996	0.907657
2	4138	0.9041041
2	4229	0.9100786
2	6427	0.9013739
2	6880	0.9492279
2	7280	0.9213072
3	3	1.000002
4	4	1.000001
5	5	1.000019
5	1013	0.915119
5	7641	0.9098231
6	6	0.9999948
7	7	0.9999685
8	8	1.000011
9	9	1.00002
10	10	0.9999737
11	11	1.000086
12	12	1.000008
13	13	0.9999915
14	14	1.000001
15	15	0.9999861
16	16	1.00001
17	17	1.000014
18	18	1.000005
19	19	0.999997
20	20	1.000012
21	2	0.9286996
21	21	1.000001
21	43	0.9749575
21	292	0.9091694
21	310	0.9204243
21	641	0.9561193
21	675	0.9616364
21	838	0.9326555
21	1460	0.9073886
21	1723	-0.9095873
21	2159	0.9005743
21	2175	0.9399151
21	2221	-0.908445
21	2436	-0.9041216
21	2438	0.9285221
21	2530	0.9272156
21	2730	0.9494407
21	2921	0.9207615
21	3153	0.9333593
21	3663	0.9597824
21	3782	0.9187313
21	3996	0.9154894
21	4229	0.9404082
21	5209	0.9418206
21	6427	0.9179721
21	6880	0.9375138
21	6897	0.921865
21	7280	0.9694684
22	22	0.9999934
23	23	1.000002
24	24	0.9999971
25	25	0.9999874
26	26	1.000111
27	27	0.9999591
27	2072	0.90749
28	28	0.9998942
29	29	0.9999461
29	2495	0.9279767
30	30	0.999965
31	31	1.000002
32	32	0.9999635
32	5506	-0.9135043
33	33	1.000009
33	66	0.927748
33	178	0.9351668
33	331	0.962087
33	334	0.9404218
33	376	0.9555739
33	464	0.9458853
33	483	-0.9032089
33	490	0.9662421
33	503	0.9591136
33	506	0.9196614
33	568	0.9854243
33	577	0.9286239
33	770	0.926697
33	783	0.9217775
33	872	0.9155915
33	880	0.959423
33	891	0.960517
33	927	0.9070546
33	1016	0.9485893
33	1081	0.9751996
33	1351	0.9433696
33	1414	0.9458963
33	1484	0.9086256
33	1493	0.9374527
33	1513	0.9219508
33	1522	0.9396819
33	1676	0.9456913
33	1685	0.9064332
33	1942	0.952422
33	2040	0.9230067
33	2913	0.9289229
33	3319	-0.926633
33	3399	0.914374
33	3409	0.9194298
33	3481	0.902637
33	4178	0.9264097
33	4539	0.9141456
33	7273	0.9072912
33	7907	0.9159552
34	34	0.9999887
35	35	0.9999896
36	36	1.000014
37	37	0.9999534
38	38	1.00003
39	39	1.000008
39	1944	-0.9125397
40	40	0.9998983
41	41	0.999952
42	42	0.9998201
43	2	0.9412678
43	21	0.9749575
43	43	0.9999998
43	140	0.9380796
43	185	0.9217385
43	261	0.9013759
43	292	0.948131
43	310	0.9105327
43	378	0.900423
43	421	-0.9038268
43	483	0.9243394
43	641	0.9627187
43	675	0.967787
43	677	0.9021075
43	838	0.9510016
43	1397	0.9118656
43	1460	0.9001565
43	1723	-0.9348089
43	2054	0.9004827
43	2073	-0.9141524
43	2175	0.9417772
43	2221	-0.9366144
43	2224	0.9047841
43	2436	-0.9404836
43	2438	0.9222324
43	2530	0.9317034
43	2730	0.9726217
43	2921	0.9513816
43	2928	-0.9024429
43	3105	0.9049341
43	3153	0.9494014
43	3663	0.9785625
43	3782	0.9448219
43	3996	0.9326134
43	4229	0.9238784
43	5209	0.9454021
43	5421	-0.9364455
43	6880	0.9737653
43	6897	0.927305
43	6898	0.9028913
43	7280	0.970412
44	44	1.000008
45	45	1.00001
46	46	1.000005
47	47	1.000062
48	48	1
49	49	1.000018
50	50	0.999936
51	51	0.999975
52	52	1.000005
53	53	0.9999809
54	54	1.00001
54	185	0.922653
54	310	0.9072552
54	677	0.9365761
54	1089	0.9238064
54	1770	0.9108754
54	1945	0.9026321
54	5209	0.9026276
54	6191	0.9051739
54	8060	0.9199222
55	55	1.00004
56	56	1.000037
57	57	0.9999793
58	58	1.000006
59	59	0.999853
60	60	0.999827
61	61	0.9999995
62	62	1.000004
63	63	1.000157
64	64	0.9999621
64	288	0.9225919
64	1016	0.9059756
64	1019	0.9082612
64	1484	0.9102281
64	2134	0.9042349
64	2406	0.9034309
64	3811	0.908611
65	65	0.9997555
66	33	0.927748
66	66	1.000044
66	331	0.9569829
66	334	0.916383
66	376	0.9076633
66	490	0.912887
66	568	0.911312
66	880	0.9324111
66	1414	0.9048519
66	2913	0.919171
66	3287	0.9022036
66	3680	0.9085913
66	4539	0.9051104
66	8051	0.9038423
66	8070	0.9069858
67	67	0.9999123
67	6571	0.9024238
68	68	0.9996873
69	69	1.000002
70	70	1.000031
71	71	0.9999856
72	72	1.000002
72	1063	0.9159956
73	73	0.9999994
73	500	0.9135957
74	74	0.9999631
75	75	0.9999931
76	76	1.000005
77	77	1.000016
77	590	0.9028952
77	7460	0.9152274
78	78	1.000049
79	79	0.9999799
79	2134	0.9041374
79	2834	0.903442
80	80	0.9999995
81	81	0.9998811
82	82	1.000003
83	83	1.000007
84	84	0.9999892
84	4386	0.9496023
85	85	0.9998505
86	86	1.000004
86	185	0.909093
86	392	0.9240228
86	677	0.9345712
86	1326	0.9010275
86	1698	0.9076552
86	1770	0.9260567
86	1818	0.9387889
86	2054	0.9457741
86	2194	0.9207247
86	6204	0.9243066
86	6819	0.9385006
86	7217	0.9135507
86	7435	0.916252
86	7495	0.9078594
86	7563	0.9230331
87	87	0.9999954
88	88	1.000021
89	89	0.9999999
90	90	1.000018
91	91	1.00008
92	92	1.000011
93	93	1.000014
94	94	1.00004
95	95	0.9999938
96	96	1.00002
97	97	0.9999644
98	98	0.9999936
98	1982	0.9253563
98	7435	0.9028984
99	99	0.9999931
100	100	1.000011
101	101	1.000016
101	205	0.9078211
101	2718	0.9056992
101	7728	0.9063729
101	8180	0.9090448
102	102	0.9998997
102	1513	0.9096945
103	103	1.000008
104	104	1.000195
105	105	0.9999503
106	106	1.000104
107	107	1.000105
107	7870	0.903513
108	108	1.000026
108	7254	-0.9085137
109	109	1.000023
109	1786	0.9001029
109	2345	0.922551
109	4240	0.9256932
109	4351	-0.9142124
110	110	1.000017
111	111	0.9999928
112	112	0.9998239
112	1431	0.9096544
113	113	1.000005
114	114	1.000031
114	3046	0.9108565
115	115	0.9999059
116	116	0.9999877
117	117	0.9999889
117	1685	0.9075398
118	118	0.9998618
119	119	0.999993
119	4319	0.9110747
120	120	1.000015
120	123	0.9105658
120	3521	0.9000013
121	121	0.999992
122	122	1.000004
122	739	0.9122533
122	2018	0.912092
123	120	0.9105658
123	123	0.9999515
123	1108	0.9123496
123	1408	0.902226
124	124	1.000018
125	125	1.000064
126	126	0.9999901
127	127	1.000018
128	128	1.000075
129	129	0.9999896
129	378	0.9178022
129	421	-0.9200822
129	838	0.9009838
129	1256	-0.911069
129	1397	0.9113777
129	1544	-0.9283111
129	1723	-0.9162501
129	2730	0.9029601
130	130	0.9999942
130	221	0.912241
131	131	0.9999631
131	3110	0.9006203
131	7150	0.9114752
132	132	1.000018
133	133	1.000024
134	134	0.9999967
135	135	0.9999944
136	136	1.000049
137	137	0.9999925
138	138	1.000043
139	139	1.000015
140	43	0.9380796
140	140	0.9999984
140	292	0.9242166
140	1349	-0.9106535
140	2104	0.9022153
140	2307	-0.9117714
140	3663	0.9294173
140	5209	0.9081451
140	5421	-0.9072979
141	141	1.000034
142	142	0.9999932
142	4811	0.920459
143	143	0.9999835
144	144	1.000006
145	145	0.9999479
146	146	1.00002
147	147	0.9999965
147	2132	0.9570045
148	148	1.000045
149	149	0.9999928
150	150	0.9999649
151	151	1.000094
152	152	0.9998987
153	153	1.000033
154	154	1.00001
155	155	1.00006
156	156	1.000046
157	157	0.9999706
158	158	0.9999636
159	159	1.000132
160	160	1.000008
161	161	1.000034
161	4925	0.9216768
162	162	0.9999589
163	163	1.000013
164	164	1.000078
165	165	1.000003
166	166	0.9999992
167	167	1.000146
168	168	1.000002
169	169	0.9999968
170	170	0.9999989
171	171	1.000031
172	172	1.000014
173	173	0.9999573
174	174	1.000072
175	175	0.9999815
175	465	0.9067572
175	631	0.9029178
175	647	0.9332326
175	1589	0.9063681
175	7714	0.9137023
176	176	0.9999995
176	1463	0.9131823
176	7790	0.9004394
177	177	0.9999987
178	33	0.9351668
178	178	1.000009
178	503	0.9008689
178	506	0.923489
178	568	0.9644606
178	880	0.9000878
178	1016	0.9529927
178	1081	0.9345807
178	1351	0.9345165
178	1414	0.909279
178	1445	0.9127091
178	1942	0.9000918
178	2718	0.9142404
178	2913	0.9216774
178	3132	0.9238238
178	3409	0.9007526
178	4178	0.9458399
178	4539	0.9117872
178	8070	0.9094266
179	179	1.000046
179	7264	0.9136266
180	180	0.9999738
181	181	1.000005
182	182	0.9999751
183	183	0.9998499
184	184	0.9999769
185	43	0.9217385
185	54	0.922653
185	86	0.909093
185	185	0.9999745
185	200	0.9120699
185	261	0.9344925
185	292	0.9101232
185	483	0.9069185
185	641	0.9291588
185	675	0.9148721
185	677	0.9282028
185	838	0.908349
185	1089	0.919398
185	1591	0.934486
185	1770	0.9347324
185	1818	0.9117538
185	2054	0.9123614
185	2175	0.9044722
185	2530	0.9046587
185	2921	0.9033834
185	3153	0.9030606
185	3782	0.9184951
185	5209	0.9397377
185	5421	-0.9114695
185	6191	0.9065238
185	6819	0.9004312
185	6880	0.9058717
185	6912	0.9047326
185	7280	0.9053753
185	7495	0.919794
185	7563	0.9194345
185	8060	0.9005622
186	186	1.000012
186	4270	0.9011551
187	187	0.9999849
187	331	0.9139023
187	334	0.9060648
187	880	0.9119673
187	1081	0.9035294
187	1414	0.9022341
187	3976	0.9132308
187	7593	0.9024569
187	7672	0.9147089
187	7979	0.9092017
188	188	1.000057
189	189	0.9999304
189	1324	0.9014278
189	1910	0.911985
189	5697	0.9208483
190	190	0.999954
190	337	0.9171895
191	2	-0.9336978
191	191	1.000006
191	378	-0.9084759
191	838	-0.9028146
191	1256	0.9099072
191	2730	-0.9030159
191	3153	-0.9046858
191	6880	-0.9158033
192	192	0.9999487
193	193	1.000119
194	194	0.9999967
195	195	1.000014
196	196	1.000099
197	197	0.9999514
198	198	0.9999494
198	1621	0.9216487
199	199	0.9999774
200	185	0.9120699
200	200	1.000006
200	261	0.9097697
200	641	0.9072011
200	675	0.9252425
200	677	0.9052896
200	857	0.91082
200	1770	0.9027238
200	2175	0.9014719
200	2224	0.9324781
200	3663	0.9064451
200	6898	0.9291055
200	7495	0.9007716
201	201	1.000028
202	202	1.000016
203	203	0.9998767
204	204	1.000216
205	101	0.9078211
205	205	0.9999827
205	2134	0.9255575
205	7605	0.9219909
206	206	1.000059
207	207	1.000009
208	208	0.9999927
208	209	0.9071977
208	284	0.9090907
208	465	0.9005886
208	631	0.9357409
208	647	0.9459948
208	758	0.9178402
208	812	0.9461327
208	863	0.9288659
208	1112	-0.9120877
208	1423	0.9324794
208	1486	0.9258656
208	1512	0.9179773
208	1553	0.9001824
208	1589	0.9240964
208	2201	0.9562676
208	3641	-0.9164733
208	4936	0.9309644
208	7122	-0.9097906
208	7641	0.9295657
209	208	0.9071977
209	209	0.9999936
209	308	0.929791
209	336	0.9279022
209	375	0.9308613
209	758	0.9348121
209	812	0.9387888
209	1179	0.9173833
209	1423	0.9231869
209	1633	0.947794
210	210	0.9999825
210	1283	0.9133234
210	2122	0.9299669
210	2159	0.9111586
210	2161	0.9288968
211	211	0.9998965
211	1351	0.9094599
211	1942	0.9084302
211	2040	0.9353082
211	2145	0.904744
211	2245	0.9092994
211	7273	0.9348172
212	212	0.9999905
213	213	1.000008
214	214	1.00002
215	215	0.9999634
215	376	0.9018023
215	410	0.9090533
215	1016	0.9269542
215	4956	-0.9294351
216	216	1.000012
217	217	0.9999166
218	218	1.000032
219	219	1.000002
220	220	0.9999632
221	130	0.912241
221	221	1.000002
222	222	1.00001
223	223	0.9999874
224	224	0.9999988
225	225	0.999958
225	336	0.9222127
226	226	0.9999609
226	1413	-0.9093832
227	227	0.9999964
228	228	0.9999568
228	5991	-0.9158012
229	229	1.000051
230	230	1.000003
231	231	1.000036
232	232	1.000015
233	233	1.000006
234	234	0.9999394
235	235	1.000043
236	236	0.9999705
236	863	0.9074795
237	237	0.9997675
238	238	1.000021
238	3796	0.9632223
239	239	0.9999954
240	240	1.000045
240	2038	0.9057601
240	3110	0.9245222
241	241	0.9999645
242	242	0.999998
243	243	0.9999887
244	244	0.9997554
245	245	1.00001
246	246	0.9999436
246	3015	0.919229
247	247	0.9999825
247	1985	0.9105772
248	248	0.9999994
249	249	1.000007
250	250	1.000005
251	251	1.000042
252	252	0.9999573
253	253	0.9999963
254	254	0.9999865
255	255	0.9999155
256	256	1.000198
257	257	1.000013
258	258	0.9999961
259	259	1.000001
260	260	0.9999244
261	43	0.9013759
261	185	0.9344925
261	200	0.9097697
261	261	0.9999917
261	675	0.9057305
261	1770	0.9205394
261	3366	0.9077986
261	3663	0.9039673
262	262	0.999992
262	7672	0.9128426
263	263	1.000002
264	264	1.000002
265	265	1.000002
266	266	1.000007
266	6319	0.9132286
267	267	1.00001
268	268	0.9998617
269	269	1.000025
269	7255	0.9004245
269	7566	0.9296651
270	270	0.9999989
271	271	0.9999718
272	272	0.9999998
273	273	0.9998823
274	274	0.9999701
275	275	0.9999968
275	5347	0.9000893
276	276	1.000002
276	1461	-0.9118054
276	1781	0.9294774
276	2436	-0.9094788
276	4224	-0.901726
276	5812	-0.905046
276	8157	0.9049891
277	277	0.9999654
278	278	0.9999595
279	279	0.9999894
280	280	0.9999825
281	281	0.9999853
282	282	0.9999076
283	283	0.9999996
284	208	0.9090907
284	284	0.9999659
284	863	0.9329202
284	2201	0.9093488
284	3542	0.9293365
284	7641	0.9287803
285	285	1.000013
286	286	1.00011
286	530	-0.9066105
286	5377	-0.9134949
286	6945	-0.9201015
287	287	1.000032
288	64	0.9225919
288	288	1.000003
288	1016	0.9329708
288	1019	0.9148197
288	2134	0.903256
288	2406	0.9276323
288	3399	0.9142568
288	3962	0.9118533
288	3976	0.9014099
288	5137	0.9067806
288	5962	0.9201442
288	7528	0.9005978
288	7781	0.9203973
289	289	0.9999184
290	290	0.9999935
291	291	0.9999933
292	21	0.9091694
292	43	0.948131
292	140	0.9242166
292	185	0.9101232
292	292	0.9999861
292	675	0.9161738
292	857	0.9019237
292	1460	0.909107
292	2054	0.9182785
292	2104	0.934027
292	2221	-0.9002661
292	2436	-0.9018024
292	2673	0.9133653
292	2730	0.9154577
292	3105	0.9754763
292	3214	0.9012389
292	3663	0.9319718
292	3996	0.9139292
292	6204	0.9052927
292	6880	0.9183787
292	7257	0.9322058
292	7264	0.9030942
293	293	0.9999958
294	294	1.000008
295	295	1.000025
296	296	1.000014
296	677	0.9243787
296	7495	0.9494285
297	297	0.9999914
298	298	0.9999816
299	299	1.000004
299	378	-0.907383
299	483	-0.9620495
299	490	0.9084122
299	641	-0.9159448
299	838	-0.9151187
299	891	0.9164472
299	2038	-0.9103301
299	2175	-0.9033644
299	2279	-0.9149548
299	3153	-0.9205019
299	3782	-0.9047241
299	4571	0.9046189
299	4925	-0.9344775
299	5209	-0.9060284
300	300	1.000009
301	301	0.999993
302	302	0.999995
303	303	1.000003
304	304	1.000078
305	305	0.9999945
306	306	0.9999946
307	307	0.9999962
308	209	0.929791
308	308	1.000025
308	1545	0.9146241
308	1787	0.9318067
308	1865	0.9045463
308	2859	0.9002094
309	309	0.9999546
310	21	0.9204243
310	43	0.9105327
310	54	0.9072552
310	310	0.999988
310	339	0.9092651
310	483	0.9361132
310	641	0.9497144
310	675	0.920395
310	789	0.9162822
310	838	0.9368103
310	1413	-0.9035423
310	2152	0.9318916
310	2175	0.9308317
310	2438	0.9006448
310	2730	0.9049459
310	2921	0.9267581
310	2928	-0.9179175
310	3153	0.9080482
310	3782	0.9319769
310	4925	0.9011137
310	5209	0.9402534
310	5835	0.9354836
310	6427	0.9362832
310	6880	0.910585
310	7280	0.9592191
311	311	0.9999025
312	312	1.000003
313	313	1.000003
313	1488	0.9080561
313	1924	0.9160675
313	1985	0.9227829
313	2249	0.9037269
314	314	0.9999233
315	315	1.000029
316	316	1.000144
317	317	1.00031
318	318	1.000048
319	319	1.000026
320	320	1.000009
321	321	1.000007
322	322	0.9999205
322	572	0.9043419
322	1083	0.9089981
322	2073	0.9011617
322	2372	0.955421
323	323	1.000004
324	324	1.00026
325	325	1.000007
326	326	0.9999191
327	327	0.9999946
328	328	1.000012
329	329	1.000011
329	857	0.9214488
329	7264	0.9022372
330	330	1.000089
331	33	0.962087
331	66	0.9569829
331	187	0.9139023
331	331	0.9999932
331	334	0.9422581
331	376	0.9367554
331	490	0.9209673
331	503	0.9039454
331	568	0.938274
331	872	0.9153879
331	880	0.9612152
331	1016	0.9284515
331	1081	0.9447062
331	1351	0.9019325
331	1414	0.9264112
331	1485	0.901646
331	1594	0.9138882
331	1676	0.9361274
331	1942	0.9195591
331	2040	0.9211186
331	2751	0.9002633
331	2913	0.9169654
331	3399	0.9076187
331	3409	0.917055
331	4178	0.9287708
331	4539	0.9058985
332	332	0.9999942
333	333	0.999989
334	33	0.9404218
334	66	0.916383
334	187	0.9060648
334	331	0.9422581
334	334	1.000026
334	464	0.9180537
334	490	0.9041435
334	503	0.914529
334	568	0.9350501
334	577	0.9094097
334	770	0.9441655
334	880	0.9156707
334	1016	0.915147
334	1081	0.9120749
334	1351	0.9028339
334	1414	0.9212987
334	2913	0.9035322
334	3144	0.9022121
334	3340	0.9035628
334	3399	0.9243305
334	6627	-0.9359787
334	7428	0.9340215
335	335	0.9999892
336	209	0.9279022
336	225	0.9222127
336	336	0.9999866
336	375	0.9484058
336	758	0.9151207
336	1179	0.936205
336	1594	0.907949
336	1633	0.9140329
336	1787	0.9088154
336	1917	0.9244564
336	2516	0.9085543
336	4818	-0.9040837
336	5290	-0.9186389
336	7471	0.9087139
336	7614	0.9018555
337	190	0.9171895
337	337	0.9998829
338	338	1.000005
339	310	0.9092651
339	339	0.9999964
339	378	0.9028847
339	838	0.9173129
339	1924	0.9432281
339	2152	0.9130984
339	2175	0.9226496
339	3110	0.9112021
339	4925	0.9026133
339	5835	0.9089183
339	6427	0.9441399
339	7280	0.9108841
340	340	1.000359
341	341	0.9999664
342	342	0.9999682
343	343	0.9999956
344	344	1.000002
344	392	-0.9359689
344	891	0.9049137
344	1174	0.9113544
344	5245	0.9420307
344	5925	-0.9198762
345	345	1.000001
345	375	0.9444507
345	1179	0.9109039
345	2516	0.9297472
345	5979	0.9016052
346	346	1.000003
347	347	1.000035
348	348	1.000032
349	349	1.000108
350	350	0.9999252
351	351	1.000023
352	352	0.9998711
353	353	0.9998552
354	354	1.000002
354	770	-0.9151735
354	1432	0.9195846
354	1493	-0.9361694
354	2286	0.9100595
354	2296	-0.9076092
354	2326	0.923328
354	3319	0.9077115
355	355	0.9999526
356	356	1.000016
356	421	0.9571884
356	741	0.912783
356	828	0.917019
356	843	0.9012848
356	1544	0.9197723
356	1723	0.9619011
356	2073	0.9164671
356	2127	0.9161805
356	2221	0.9207809
356	2409	0.9102696
356	2771	0.9107231
356	3892	0.9079033
356	5697	0.9185148
357	357	0.9999659
357	7566	0.9215212
357	8047	0.9039381
358	358	0.99999
358	4013	0.9064427
359	359	0.9998906
360	360	0.9998697
361	361	0.9997135
362	362	0.9999992
363	363	1.000013
364	364	0.9999982
365	365	1.000003
366	366	0.9999951
367	367	1.000175
368	368	1.000005
369	369	0.9999269
370	370	1.000032
371	371	0.9999397
372	372	1.000002
373	373	0.9999841
374	374	0.9999864
375	209	0.9308613
375	336	0.9484058
375	345	0.9444507
375	375	1.000003
375	758	0.9255682
375	1179	0.9266956
375	1423	0.9060079
375	5290	-0.9120184
376	33	0.9555739
376	66	0.9076633
376	215	0.9018023
376	331	0.9367554
376	376	1.000021
376	483	-0.9098963
376	490	0.9186351
376	568	0.9332197
376	880	0.9552112
376	891	0.9311041
376	1016	0.9118093
376	1081	0.9452375
376	1204	0.9110134
376	1522	0.9038853
376	1676	0.9433578
376	1942	0.9059173
376	2040	0.9014556
376	2913	0.9084079
376	3409	0.9563752
376	4464	0.9063519
376	4571	0.9367399
376	7273	0.9058662
376	7907	0.9346525
376	8129	0.9259878
377	377	1.000004
377	2234	0.9441506
377	5883	0.9178609
377	7826	0.9139146
378	2	0.9185601
378	43	0.900423
378	129	0.9178022
378	191	-0.9084759
378	299	-0.907383
378	339	0.9028847
378	378	1
378	483	0.9245765
378	641	0.9009985
378	838	0.9667402
378	1397	0.9263768
378	2175	0.9174063
378	2438	0.9109161
378	2671	0.9182442
378	2730	0.9199542
378	3153	0.9250212
378	3782	0.9115752
378	4925	0.9003484
378	5835	0.9293445
378	6721	0.9002655
378	6880	0.9206938
378	7280	0.9182204
379	379	1.000019
380	380	0.999953
381	381	1.000112
382	382	1.000212
383	383	0.9999956
384	384	1.000008
385	385	1.000012
386	386	0.9999221
387	387	0.9999732
388	388	1.000164
389	389	1.000013
390	390	1.000074
391	391	1.000028
392	86	0.9240228
392	344	-0.9359689
392	392	1.000011
392	5675	-0.9061933
392	7408	0.9019555
393	393	1.000057
394	394	1.000085
395	395	0.9999786
396	396	0.999984
397	397	1.000071
398	398	0.9998642
399	399	0.9999273
400	400	0.9999745
401	401	0.9999917
402	402	0.9999779
403	403	1.000042
403	1429	0.9135108
403	7279	0.9132615
404	404	0.9999882
404	2192	0.9087118
404	6094	-0.9435636
404	7774	0.9251471
405	405	1.000074
406	406	1.000065
407	407	0.9999523
407	2194	-0.9041704
408	408	0.9999408
409	409	1.000058
410	215	0.9090533
410	410	0.9999967
410	4956	-0.9058451
411	411	0.9999689
412	412	1.00005
413	413	0.999922
413	5742	0.9071032
413	6334	0.9348475
413	6879	0.9031711
413	7774	-0.9129882
414	414	0.9998706
415	415	0.9998411
416	416	0.9999853
417	417	0.9999667
417	1571	-0.902038
417	2286	-0.9462418
418	418	0.9999328
418	2946	0.9160672
419	419	0.9999735
419	2427	0.9138755
420	420	0.99999
421	2	-0.92176
421	43	-0.9038268
421	129	-0.9200822
421	356	0.9571884
421	421	0.9999948
421	783	0.9073136
421	838	-0.907925
421	1256	0.9597781
421	1320	0.9184758
421	1397	-0.9015299
421	1544	0.9571954
421	1723	0.9794129
421	1823	0.9228627
421	2073	0.9159698
421	2127	0.9406559
421	2221	0.9461694
421	2436	0.9326668
421	2438	-0.9182339
421	2671	-0.9155791
421	2730	-0.9428219
421	2771	0.9398535
421	4224	0.9117341
421	5421	0.9166285
421	6880	-0.9201011
421	7764	-0.9123074
421	8157	-0.9121542
422	422	0.9999797
423	423	1.000204
424	424	1.00011
425	425	1.000013
425	758	0.9044203
425	1252	0.9001398
425	7003	-0.9067476
426	426	1
427	427	1.000022
428	428	1.000001
428	783	0.9021176
428	1256	0.9016034
429	429	1.000028
430	430	1.000018
431	431	1.000103
432	432	0.9999944
433	433	1.000038
434	434	1.000002
435	435	0.9999951
436	436	0.9998374
437	437	0.9999982
438	438	1.000047
439	439	1.000216
440	440	1.000062
441	441	1.000001
442	442	1.000014
443	443	1.000053
444	444	1.000072
445	445	0.9999961
446	446	1.000011
446	7434	0.9078062
447	447	1.000041
448	448	0.9999827
449	449	0.9999974
449	1582	0.907454
450	450	0.9998965
451	451	0.9999882
452	452	0.9998552
453	453	1.000029
454	454	1.000016
455	455	0.9999722
456	456	1
457	457	1.000024
457	6531	0.9216661
458	458	1.000133
459	459	0.9999965
460	460	1.000018
461	461	0.999808
462	462	0.9997698
463	463	0.9997714
464	33	0.9458853
464	334	0.9180537
464	464	1.000043
464	490	0.9220424
464	503	0.9402233
464	568	0.9307782
464	577	0.9026272
464	770	0.9244428
464	867	0.901319
464	891	0.9195054
464	1016	0.914153
464	1081	0.9022394
464	1414	0.9160002
464	1445	0.9044378
464	1493	0.905003
464	1513	0.9443082
464	2913	0.9067791
464	3132	0.9125524
464	3340	0.9611514
464	3399	0.9267645
464	4539	0.925963
464	7428	0.9005477
464	8070	0.9077417
465	175	0.9067572
465	208	0.9005886
465	465	1.000016
465	647	0.9104971
465	2427	0.9303426
466	466	0.9999959
467	467	0.9999811
468	468	0.9999169
469	469	1.000015
470	470	1.000017
471	471	0.9999843
472	472	0.9999831
473	473	0.999907
474	474	1.00001
475	475	1.000029
476	476	1.000053
477	477	1.000003
477	2264	0.9107375
478	478	0.9999154
479	479	1.000156
480	480	0.9999838
481	481	0.9999881
482	482	1.00005
483	33	-0.9032089
483	43	0.9243394
483	185	0.9069185
483	299	-0.9620495
483	310	0.9361132
483	376	-0.9098963
483	378	0.9245765
483	483	0.9999814
483	490	-0.9154943
483	641	0.9669667
483	675	0.9139411
483	838	0.9506536
483	891	-0.9532967
483	1174	-0.9082706
483	1256	-0.9191753
483	1397	0.9251569
483	1413	-0.909123
483	1685	-0.902614
483	1698	0.9107338
483	1723	-0.921056
483	2152	0.942023
483	2175	0.9368485
483	2279	0.9090468
483	2436	-0.9418102
483	2530	0.9014566
483	2730	0.928205
483	2928	-0.90589
483	3153	0.9450405
483	3319	0.9061951
483	3782	0.9629332
483	4571	-0.905599
483	4650	0.9152432
483	4925	0.9406543
483	5209	0.9448086
483	5421	-0.9651803
483	6721	0.9330411
483	6880	0.9349558
483	6897	0.9165738
483	7280	0.9495849
484	484	0.9999173
485	485	1.000121
485	1910	0.9206752
486	486	0.9997587
487	487	0.9998892
488	488	1.000053
489	489	0.9999604
490	33	0.9662421
490	66	0.912887
490	299	0.9084122
490	331	0.9209673
490	334	0.9041435
490	376	0.9186351
490	464	0.9220424
490	483	-0.9154943
490	490	0.9999985
490	503	0.9048181
490	568	0.948217
490	770	0.919413
490	783	0.9232436
490	880	0.918649
490	891	0.9691377
490	920	0.9234391
490	927	0.9311579
490	1081	0.9222406
490	1174	0.9124236
490	1320	0.9019159
490	1414	0.9231663
490	1445	0.9090704
490	1493	0.932818
490	1513	0.9041806
490	1522	0.9162579
490	1676	0.9068948
490	2272	0.9050372
490	2283	0.9173442
490	2409	0.9047168
490	2751	0.9129416
490	2913	0.9177842
490	3319	-0.9039664
490	3340	0.9031872
490	4539	0.9166549
490	5421	0.9042301
490	7904	0.9287503
491	491	1.000094
492	492	0.9999859
493	493	0.9999809
494	494	1.000016
495	495	0.999983
496	496	1.00003
497	497	1.00005
498	498	0.9999589
499	499	0.999984
500	73	0.9135957
500	500	0.9999931
501	501	0.999948
502	502	0.9999931
502	522	0.905162
503	33	0.9591136
503	178	0.9008689
503	331	0.9039454
503	334	0.914529
503	464	0.9402233
503	490	0.9048181
503	503	0.9999533
503	568	0.9494772
503	577	0.9597492
503	783	0.9110767
503	891	0.904213
503	1016	0.9242157
503	1081	0.938938
503	1351	0.9461464
503	1414	0.9349794
503	1484	0.9125201
503	1493	0.9113091
503	1513	0.9314717
503	1522	0.9326722
503	1676	0.9124907
503	1685	0.9062517
503	1883	0.9150646
503	1942	0.9589651
503	2040	0.9054511
503	2489	0.9212608
503	3962	0.9123794
503	4178	0.9230525
503	7593	0.9243907
503	7907	0.9056209
504	504	0.9999295
505	505	0.999962
506	33	0.9196614
506	178	0.923489
506	506	0.9999617
506	568	0.9249819
506	1016	0.9265894
506	1081	0.9059678
506	1384	0.9098617
506	2718	0.903232
506	2913	0.9191577
506	3132	0.9070816
506	5962	0.9370723
507	507	1.000028
508	508	1.000069
509	509	1.000021
510	510	0.9999675
511	511	0.9999897
512	512	0.9999808
513	513	1.000003
514	514	1.000001
515	515	0.9999877
516	516	0.9999899
517	517	1.000019
518	518	1.000028
519	519	0.9999494
520	520	0.9999973
521	521	0.9999466
522	502	0.905162
522	522	0.9999998
522	863	0.9393514
522	2787	0.9118997
522	7641	0.9246798
523	523	0.9999995
524	524	0.9999968
525	525	0.9999966
526	526	0.9998883
527	527	1.000017
528	528	0.9999475
529	529	1.000018
530	286	-0.9066105
530	530	0.9999552
531	531	0.9999711
532	532	1.000009
532	739	0.9030409
533	533	0.999931
534	534	1.000027
535	535	0.9999787
536	536	0.999909
537	537	0.9999971
538	538	0.9999918
539	539	0.999998
540	540	1.000153
541	541	1.000026
542	542	1.00002
543	543	0.9999932
544	544	0.9999412
545	545	0.9998636
546	546	1.000004
547	547	1.000003
548	548	1.000022
549	549	0.9999318
550	550	0.9999189
551	551	0.9999976
551	869	0.9111133
551	1463	0.9295532
552	552	1.000082
553	553	0.9999949
554	554	1.000002
554	7563	0.9163016
555	555	0.9999791
555	4224	0.9366672
556	556	1.000069
557	557	1.000078
558	558	1.000071
558	1933	0.9123225
558	7434	0.9053057
559	559	0.9999058
560	560	0.9999995
561	561	1.00001
562	562	1.000029
563	563	1.000004
563	786	0.9190319
563	1466	0.9061067
563	1651	0.9003701
564	564	1.000007
565	565	0.9999992
566	566	0.9996827
566	1108	0.9086454
567	567	0.9999888
568	33	0.9854243
568	66	0.911312
568	178	0.9644606
568	331	0.938274
568	334	0.9350501
568	376	0.9332197
568	464	0.9307782
568	490	0.948217
568	503	0.9494772
568	506	0.9249819
568	568	1.000002
568	577	0.9090877
568	770	0.919453
568	783	0.9032722
568	872	0.9075608
568	880	0.9458347
568	891	0.9539714
568	927	0.9160613
568	1016	0.9559087
568	1081	0.9615703
568	1351	0.9432861
568	1414	0.9213862
568	1484	0.9124796
568	1493	0.921915
568	1522	0.9184504
568	1676	0.9335775
568	1685	0.9017774
568	1942	0.9345933
568	2040	0.900894
568	2718	0.9044662
568	2913	0.9152992
568	3319	-0.9150457
568	3409	0.910417
568	3481	0.9165674
568	4178	0.9416256
568	4539	0.9213122
568	7472	0.9073862
568	7907	0.9034244
568	8070	0.9000538
569	569	0.9999539
570	570	1.000093
571	571	1.000003
572	322	0.9043419
572	572	0.999995
572	803	0.9016758
572	1083	0.9274325
572	2221	0.9098977
572	2372	0.9134314
572	3125	0.9131537
572	3212	0.9101489
572	4437	0.9048774
573	573	1.000008
574	574	0.9999772
575	575	1.000144
576	576	0.9999628
577	33	0.9286239
577	334	0.9094097
577	464	0.9026272
577	503	0.9597492
577	568	0.9090877
577	577	0.9999601
577	850	0.9034535
577	872	0.9080378
577	1016	0.9136031
577	1081	0.9183254
577	1219	0.9182664
577	1251	0.9277569
577	1257	0.909972
577	1351	0.9475291
577	1414	0.9615143
577	1513	0.9081114
577	1522	0.9271392
577	1594	0.9114888
577	1923	0.9155072
577	1942	0.9665411
577	2091	0.9171486
577	2489	0.9438288
577	3399	0.9193139
577	3976	0.9301373
577	4178	0.9078012
577	7538	0.902449
577	7593	0.9442379
577	7672	0.9386343
577	7781	0.9320858
578	578	1.000023
579	579	1.000069
580	580	1.000005
581	581	0.9999858
582	582	0.9999711
583	583	1.000172
584	584	1.000032
585	585	1.00001
586	586	0.9999308
587	587	1.000164
588	588	1.000196
589	589	1.000134
590	77	0.9028952
590	590	1.000075
590	7468	0.9294482
591	591	0.999993
592	592	0.9999959
593	593	1.000009
594	594	0.9999838
595	595	0.9999881
596	596	1.000081
597	597	0.9999291
598	598	0.999992
599	599	0.999989
600	600	0.9999564
601	601	1.000104
602	602	0.9999673
603	603	0.9999932
604	604	1.000079
605	605	0.9999707
606	606	1.000073
607	607	0.9999919
608	608	0.9999715
609	609	0.9996492
610	610	0.9999476
610	3717	0.9130777
611	611	1.000074
612	612	1.000047
613	613	0.999975
613	1141	0.9213744
613	1719	0.921729
614	614	0.9999645
615	615	0.9999654
616	616	0.9999923
617	617	0.999983
618	618	1.000064
619	619	0.999967
620	620	0.9999534
621	621	1.000108
622	622	0.9999669
623	623	0.99999
623	6427	0.9051396
624	624	0.9999806
625	625	1.000003
626	626	0.9999967
627	627	1.000014
627	7790	0.9131427
628	628	1.000009
628	3699	-0.9007053
629	629	0.9999457
630	630	0.9999847
631	175	0.9029178
631	208	0.9357409
631	631	1.000005
631	647	0.9148398
631	1936	0.9110749
631	7714	0.9142565
632	632	1.000007
633	633	1.000133
634	634	1.000005
634	5357	0.9002579
635	635	1.000014
636	636	0.9999973
637	637	0.9998577
638	638	0.9999785
639	639	1.000028
640	640	1.000011
641	2	0.9019275
641	21	0.9561193
641	43	0.9627187
641	185	0.9291588
641	200	0.9072011
641	299	-0.9159448
641	310	0.9497144
641	378	0.9009985
641	483	0.9669667
641	641	0.9999989
641	675	0.9568467
641	677	0.9069236
641	741	-0.9200307
641	789	0.9127312
641	838	0.9643176
641	891	-0.9019567
641	1089	0.9110716
641	1460	0.9004027
641	1698	0.9109491
641	1723	-0.9254375
641	2073	-0.9077659
641	2152	0.939871
641	2159	0.9075605
641	2175	0.9757859
641	2436	-0.9477779
641	2438	0.9107504
641	2530	0.9538128
641	2730	0.9510576
641	2921	0.9273129
641	2928	-0.9381923
641	3153	0.9459922
641	3663	0.9421412
641	3782	0.9666107
641	3892	-0.9244391
641	4925	0.9111671
641	5209	0.9628947
641	5395	0.904556
641	5421	-0.9432293
641	5835	0.9000313
641	6427	0.9223502
641	6880	0.9456114
641	6897	0.9261585
641	7280	0.9890279
642	642	1.000005
643	643	0.9999686
644	644	0.9999732
644	1384	-0.903231
645	645	0.999793
646	646	0.9999993
647	175	0.9332326
647	208	0.9459948
647	465	0.9104971
647	631	0.9148398
647	647	0.9999811
647	863	0.9066128
647	4076	-0.900986
647	4782	-0.9044794
647	4936	0.9102089
647	7641	0.9182494
648	648	1.000012
649	649	0.9999964
650	650	1.00007
651	651	0.9997436
651	2372	0.912113
652	652	0.9999424
653	653	1.000273
654	654	1.000054
654	1571	0.9202355
654	7716	0.9099283
654	8060	0.9267525
655	655	1
655	872	0.9363601
655	880	0.9073946
655	7471	0.9192016
655	7672	0.9004987
656	656	1.0001
657	657	0.9999659
658	658	0.9999151
659	659	1.000107
660	660	0.9997341
661	661	1.000015
662	662	0.999993
663	663	0.9999977
664	664	1.000015
665	665	0.9999745
666	666	0.9999912
667	667	0.9999986
668	668	0.9999995
669	669	1.000028
670	670	1.000122
671	671	1.000008
672	672	0.9999959
673	673	0.9999738
673	2256	0.9137902
673	3793	0.9020916
674	674	0.9999928
675	2	0.9206425
675	21	0.9616364
675	43	0.967787
675	185	0.9148721
675	200	0.9252425
675	261	0.9057305
675	292	0.9161738
675	310	0.920395
675	483	0.9139411
675	641	0.9568467
675	675	1.000002
675	741	-0.903839
675	789	0.9090276
675	838	0.938552
675	857	0.9026775
675	1063	0.9314728
675	1723	-0.9285853
675	2073	-0.9002384
675	2080	0.9065998
675	2159	0.9553908
675	2175	0.9325246
675	2221	-0.9435709
675	2436	-0.9201121
675	2438	0.9122493
675	2530	0.9201971
675	2671	0.9064292
675	2730	0.9708424
675	2921	0.9358209
675	2928	-0.9268777
675	3153	0.9163743
675	3663	0.9706646
675	3782	0.9337839
675	3996	0.9360884
675	4098	0.9236503
675	4229	0.9017597
675	5209	0.9099879
675	5395	0.9174206
675	5421	-0.9262234
675	6427	0.9218311
675	6880	0.9540775
675	7280	0.9582188
676	676	0.9999943
677	43	0.9021075
677	54	0.9365761
677	86	0.9345712
677	185	0.9282028
677	200	0.9052896
677	296	0.9243787
677	641	0.9069236
677	677	1
677	1089	0.9260891
677	1460	0.9317604
677	1610	0.9064074
677	1698	0.9164154
677	1749	0.9083066
677	1770	0.9428673
677	1818	0.9174064
677	2054	0.945515
677	2224	0.9117707
677	3782	0.9208863
677	5209	0.9142142
677	6191	0.9517245
677	6204	0.9128272
677	6569	0.9130102
677	6880	0.9077035
677	6897	0.9159927
677	6898	0.919888
677	7390	0.9012589
677	7495	0.9360098
677	8060	0.9357978
678	678	0.9999164
679	679	1.000014
680	680	1.000049
681	681	0.9999949
682	682	0.9999834
683	683	1.00005
683	1193	0.9190974
684	684	1.000064
685	685	1.000002
686	686	0.9999965
687	687	1.000029
688	688	1.000008
689	689	1.000066
690	690	1.000011
691	691	0.9999395
692	692	1.000007
693	693	0.9999943
693	3900	-0.9042932
693	8046	-0.9020196
694	694	1.000029
695	695	0.9999514
696	696	1.000024
697	697	0.9999714
697	832	0.9242299
698	698	0.9999898
698	1445	0.9291205
699	699	1.000042
700	700	1.000138
701	701	1
702	702	1.000056
703	703	1.000014
704	704	0.9998706
705	705	0.9998906
706	706	1.000017
707	707	1.000234
708	708	1.000093
709	709	1.000019
710	710	0.9999282
711	711	1.000065
712	712	0.9998763
713	713	0.9999892
713	2447	0.9167823
714	714	1.00005
714	1247	0.9218482
715	715	0.9999695
716	716	0.9999872
717	717	0.9999709
717	1298	0.9072185
717	1333	0.9031668
717	1980	0.9125958
718	718	0.9999858
718	3825	-0.9162276
719	719	1.000003
720	720	1.00002
721	721	0.9999563
722	722	0.99992
723	723	1.000248
724	724	0.9999463
725	725	1.00001
726	726	1.000131
726	4229	0.9026552
726	6497	-0.9060438
727	727	1.000016
728	728	0.999903
728	7631	0.919099
729	729	0.9998928
730	730	1.000077
731	731	0.9999939
732	732	1.00004
733	733	0.9998688
734	734	0.9999648
735	735	0.9999924
736	736	1.000024
737	737	1.000241
738	738	0.999998
739	122	0.9122533
739	532	0.9030409
739	739	0.9999858
739	1594	0.9144032
740	740	0.9999856
740	1204	0.9282072
740	1905	0.9442221
740	2406	0.903789
740	3409	0.927008
740	7273	0.9025282
741	356	0.912783
741	641	-0.9200307
741	675	-0.903839
741	741	0.9999503
741	789	-0.9368908
741	1544	0.9025046
741	1723	0.9382063
741	1838	0.9025968
741	2073	0.9249678
741	2152	-0.9002255
741	2221	0.9169767
741	2409	0.901865
741	2730	-0.9035346
741	2928	0.9356597
741	3663	-0.9019353
741	5209	-0.9158987
741	5421	0.9025821
741	6427	-0.9074488
741	7280	-0.9228894
742	742	0.9999925
743	743	1.000087
744	744	0.9999932
745	745	1
746	746	0.999997
747	747	1.000049
747	857	0.9024099
747	2043	0.900383
747	7984	-0.9064569
748	748	1.000124
749	749	1.000079
750	750	0.9999954
750	1403	0.9137719
751	751	0.9999746
752	752	0.9999894
753	753	1.000006
754	754	1.000051
755	755	1.000023
756	756	0.9999768
757	757	1.000192
758	208	0.9178402
758	209	0.9348121
758	336	0.9151207
758	375	0.9255682
758	425	0.9044203
758	758	1.000037
758	812	0.9070187
758	1179	0.9135533
758	1423	0.9638937
758	1633	0.933144
758	2201	0.9027566
759	759	1.000048
760	760	0.9999915
761	761	1.000046
762	762	0.9999963
763	763	1.000011
764	764	1.000067
765	765	0.9999886
765	1179	0.9173602
766	766	1.000027
767	767	0.9999649
768	768	0.999994
769	769	0.999966
770	33	0.926697
770	334	0.9441655
770	354	-0.9151735
770	464	0.9244428
770	490	0.919413
770	568	0.919453
770	770	1.000015
770	891	0.9290432
770	3319	-0.931915
770	3936	0.9022962
770	4240	0.9126377
770	7428	0.9228432
771	771	1.000077
772	772	1.000049
773	773	0.9999925
773	2604	-0.9085092
774	774	1.000024
774	1842	-0.9433455
774	1905	0.920451
774	2040	0.9033707
774	2245	0.9158286
774	3409	0.9258339
774	7907	0.9082728
775	775	0.9998729
776	776	0.9999888
776	1621	0.9122568
776	1985	0.9361933
776	4082	-0.9038298
777	777	1.000001
778	778	0.9999107
779	779	0.9999936
780	780	0.9999262
781	781	1.000022
781	6893	-0.9012942
782	782	0.9997929
783	33	0.9217775
783	421	0.9073136
783	428	0.9021176
783	490	0.9232436
783	503	0.9110767
783	568	0.9032722
783	783	1.000005
783	891	0.9304931
783	937	0.9466616
783	1081	0.9029751
783	1256	0.9558032
783	1320	0.9394577
783	1493	0.9494793
783	1522	0.9277039
783	1883	0.9197981
783	1942	0.9037606
783	2361	0.9049253
783	2436	0.9253371
783	3319	-0.9072022
783	5421	0.915028
783	7907	0.9262264
783	7943	0.904613
784	784	1.000051
785	785	1.000032
786	563	0.9190319
786	786	1.000005
786	1651	0.9084813
787	787	0.9998947
788	788	1.000038
788	5894	-0.902593
789	310	0.9162822
789	641	0.9127312
789	675	0.9090276
789	741	-0.9368908
789	789	0.9999958
789	838	0.9081827
789	1838	-0.9125496
789	1924	0.9245487
789	2152	0.9315785
789	2175	0.911261
789	2928	-0.9575801
789	5835	0.9164079
789	6427	0.943181
789	7280	0.9316604
790	790	0.9999797
791	791	0.999993
792	792	1.000001
793	793	0.9999905
794	794	1.000033
795	795	1.000024
796	796	1.000008
797	797	1.000028
798	798	1.000004
799	799	0.9999502
799	1558	0.906515
800	800	0.9999856
801	801	1.000073
802	802	0.9999991
803	572	0.9016758
803	803	0.9999645
804	804	1.000006
804	1375	0.9554175
804	5925	-0.9055222
804	7642	0.9022919
805	805	0.9999809
806	806	1.000192
807	807	1.000097
808	808	0.9999605
809	809	1.000028
809	7122	-0.9113607
810	810	1.000118
811	811	0.999943
812	208	0.9461327
812	209	0.9387888
812	758	0.9070187
812	812	0.9999522
812	1423	0.9401023
812	2072	0.9066957
812	2201	0.9456881
812	2853	0.9086898
813	813	0.9999924
814	814	0.9999724
815	815	0.9999256
816	816	1.000069
817	817	0.9999838
818	818	1.000026
819	819	0.9999899
819	1747	0.9533513
819	2084	0.949975
819	4091	0.915757
819	5318	0.9680274
820	820	0.9998567
821	821	0.9999822
822	822	0.9999403
823	823	0.9996603
824	824	0.9999974
825	825	0.9999997
826	826	1.000009
827	827	0.9999778
828	356	0.917019
828	828	0.9999859
828	1349	0.90594
828	1723	0.9075705
828	2372	0.9276779
828	2403	0.9076287
828	2409	0.9058271
828	2537	0.9014547
828	3125	0.9250201
828	7943	0.9043047
829	829	1.000045
830	830	0.9999794
831	831	1.000003
832	697	0.9242299
832	832	1.000023
832	5119	0.9068977
833	833	1.000003
834	834	1.000009
835	835	1.000016
836	836	0.9999766
837	837	0.9999968
838	2	0.9409057
838	21	0.9326555
838	43	0.9510016
838	129	0.9009838
838	185	0.908349
838	191	-0.9028146
838	299	-0.9151187
838	310	0.9368103
838	339	0.9173129
838	378	0.9667402
838	421	-0.907925
838	483	0.9506536
838	641	0.9643176
838	675	0.938552
838	789	0.9081827
838	838	1.000002
838	1397	0.9294212
838	1723	-0.9292362
838	2152	0.9298332
838	2175	0.9646627
838	2221	-0.9030653
838	2279	0.9079201
838	2436	-0.9098631
838	2438	0.9160914
838	2671	0.9054707
838	2730	0.9486364
838	2921	0.937499
838	2928	-0.9070591
838	3153	0.9419945
838	3663	0.9180753
838	3782	0.9475046
838	4925	0.9048859
838	5209	0.9270513
838	5395	0.9171405
838	5421	-0.9147933
838	5835	0.9340649
838	6427	0.9322904
838	6721	0.9010231
838	6880	0.9448132
838	6912	0.9038776
838	7280	0.9717552
839	839	0.9998959
840	840	1.000033
841	841	0.9999891
842	842	0.9999689
842	2224	0.9018236
842	6191	0.918609
843	356	0.9012848
843	843	1.000019
844	844	0.9999632
845	845	1.000023
846	846	0.9999726
847	847	1.000014
848	848	1.000029
849	849	0.9999894
850	577	0.9034535
850	850	1.000029
850	1086	0.9019411
850	1179	0.9050141
850	3976	0.9091982
850	7672	0.9057581
851	851	1.000004
852	852	0.9999421
853	853	1.000029
854	854	1.000007
855	855	0.9996184
856	856	0.9999891
857	200	0.91082
857	292	0.9019237
857	329	0.9214488
857	675	0.9026775
857	747	0.9024099
857	857	1.000001
857	2043	0.9399133
857	2224	0.9308236
857	2921	0.9040527
857	4033	-0.9187872
857	6898	0.9324433
857	7264	0.9176766
858	858	1.000074
859	859	0.9999947
860	860	1.000199
861	861	1.000183
862	862	0.9999706
863	208	0.9288659
863	236	0.9074795
863	284	0.9329202
863	522	0.9393514
863	647	0.9066128
863	863	1.000004
863	2201	0.9106884
863	4936	0.9132078
863	6006	0.9113786
863	7641	0.9145823
864	864	0.9999785
864	1924	-0.9290897
865	865	0.999952
866	866	0.9999262
867	464	0.901319
867	867	1.000022
867	1445	0.9161724
867	3096	0.9127508
867	4539	0.921253
867	8070	0.9139184
868	868	1.000032
869	551	0.9111133
869	869	0.9999975
869	6507	0.9137327
870	870	1.000017
871	871	0.9999482
872	33	0.9155915
872	331	0.9153879
872	568	0.9075608
872	577	0.9080378
872	655	0.9363601
872	872	0.9999984
872	880	0.9255928
872	1016	0.9165621
872	1081	0.9395624
872	1179	0.9024165
872	1351	0.9016448
872	1594	0.9450508
872	1917	0.9110849
872	1942	0.9310265
872	2040	0.9113264
872	2091	0.9161984
872	2516	0.9240958
872	3976	0.9062915
872	4178	0.9307572
872	5962	0.9236706
872	7273	0.9116948
872	7471	0.9391629
872	7672	0.9277887
872	7781	0.9156446
873	873	0.9999839
874	874	1.000018
874	2143	0.9166335
875	875	0.9999819
876	876	1.000003
877	877	1.000014
878	878	0.9999861
879	879	0.9999843
880	33	0.959423
880	66	0.9324111
880	178	0.9000878
880	187	0.9119673
880	331	0.9612152
880	334	0.9156707
880	376	0.9552112
880	490	0.918649
880	568	0.9458347
880	655	0.9073946
880	872	0.9255928
880	880	0.9999876
880	891	0.9330735
880	1016	0.9113138
880	1081	0.950193
880	1485	0.9004734
880	1522	0.9155944
880	1676	0.9613388
880	1942	0.9137347
880	2040	0.9334289
880	3409	0.9223773
880	3481	0.9095649
880	3936	0.9152488
880	4178	0.9093155
880	4571	0.9286142
880	7273	0.9203468
880	7692	0.9019051
